Resultado: 12,00 2025-04-10T15:53:05.459675200
Resultado: 9,00 2025-04-10T15:53:14.747628800
