Resultado: 2,00 2025-04-10T15:43:46.561950
Resultado: 3,00 2025-04-10T15:43:50.326717700
