Resultado: 2,00 2025-04-10T15:49:19.680662600
Resultado: 3,00 2025-04-10T15:49:36.754854200
